16777472|16777727
16777728|16778239
16779264|16781311
16785408|16793599
16842752|16843007
16843264|16843775
16843776|16844799
16844800|16846847
16846848|16850943
16850944|16859135
16908288|16908799
16908800|16909055
16909312|16909567
16909568|16909823
16909824|16910335
16910336|16910591
16910592|16910847
16910848|16911359
16911360|16912383
16912384|16916479
16916480|16924671
16924672|16941055
16973824|17039359
17039616|17039871
17039872|17040383
17040384|17040639
17040640|17040895
17040896|17041407
17041408|17043455
17043456|17047551
17047552|17055743
17055744|17072127
17301504|17367039
17432576|17434623
17434624|17435135
17435392|17435647
17435648|17436671
17436672|17440767
17440768|17448959
17448960|17465343
17563648|17825791
18350080|18874367
19726336|19791871
19922944|20054015
20054016|20119551
20119552|20185087
20447232|20971519
21233664|21495807
22020096|22544383
22544384|22806527
22806528|22937599
22937600|23068671
24379392|24641535
28573696|28835839
28835840|28966911
29097984|29360127
29360128|29884415
30015488|30146559
30146560|30408703
234881024|234883071
234884096|234885119
234946560|234947583
235929600|236978175
241598464|241599487
241605632|241606655
241631232|241696767
241696768|242221055
242221056|243269631
243400704|243531775
243662848|243793919
244318208|245366783
247479296|247480319
247483392|247484415
247726080|247857151
248250368|248381439
248512512|249561087
453509120|454033407
454033408|455081983
455272448|455274495
455344128|455606271
455606272|456130559
456271872|456273919
456294400|456327167
456542208|456544255
456562688|456564735
456572928|456589311
459460608|459464703
459464704|459472895
459505664|459538431
459735040|459800575
459964416|459980799
459983872|459984895
460136448|460144639
460324864|460341247
460345344|460349439
460423168|460439551
460521472|460554239
460598272|460599295
460933120|460935167
460945408|460947455
461373440|461504511
461626368|461627391
462422016|462487551
462684160|462946303
462946304|463470591
465043456|465567743
465567744|467664895
467664896|467927039
603979776|603980799
603981824|603983871
603983872|603987967
603987968|603996159
603996160|604012543
604012544|604045311
604045312|604110847
604241920|604504063
605028352|606076927
606076928|606339071
606339072|606404607
606404608|606412799
606413824|606414335
606414592|606414847
606414848|606416895
606416896|606420991
606601216|607125503
607125504|607256575
607322112|607387647
607649792|608174079
610271232|612368383
612368384|616562687
616562688|618659839
620232704|620494847
620625920|620691455
654311424|654311679
654311936|654312447
654312448|654313471
654313472|654315519
654315520|654319615
654319616|654327807
654327808|654344191
654344192|654376959
658505728|660602879
662700032|666894335
704643072|704644095
704645120|704647167
704647168|704649215
704649216|704650239
704651264|704659455
704675840|704708607
704708608|704716799
704716800|704720895
704720896|704722943
704722944|704723967
704741376|704774143
704905216|705167359
707788800|707919871
707919872|707985407
707985408|708050943
708050944|708313087
708313088|708575231
708706304|708739071
708739072|708747263
708747264|708751359
708752384|708753407
708753408|708755455
708771840|708837375
709885952|710017023
710098944|710103039
710103040|710104063
710105088|710107135
710107136|710115327
710115328|710148095
710148096|710410239
710410240|710934527
710950912|710959103
710959104|710961151
710962176|710963199
710963200|710967295
710967296|711000063
711000064|711065599
711131136|711147519
711147520|711155711
711155712|711159807
711159808|711160831
711161856|711163903
711196672|711458815
712507392|712638463
712638464|712703999
712704000|712712191
712713216|712714239
712714240|712716287
712716288|712720383
712720384|712736767
712736768|712769535
713031680|714080255
714866688|714874879
714875904|714876927
714876928|714878975
714878976|714883071
714883072|714899455
714899456|714932223
714932224|714997759
714997760|715128831
715128832|716177407
716177408|716701695
716701696|716832767
716832768|716898303
716898304|716914687
716914688|716922879
716922880|716926975
716926976|716929023
716929024|716930047
716931072|716963839
717225984|717357055
717357056|717359103
717359104|717360127
717360128|717361151
717361152|717365247
717365248|717373439
717373440|717389823
717389824|717422591
717422592|717488127
717488128|717750271
717815808|717848575
717881344|718012415
718012416|718274559
718274560|719323135
719323136|720371711
720371712|720404479
720404480|720437247
720502784|720633855
720633856|720895999
720896000|721420287
822345728|822607871
825425920|825491455
825491456|825753599
826277888|828375039
829423616|829947903
829947904|830210047
830472192|830472447
830472704|830473215
831258624|831389695
832045056|832307199
835715072|835846143
835846144|835977215
836501504|836763647
837287936|837550079
837746688|837763071
837795840|837812223
838262784|838270975
973996032|974127103
974127104|974192639
974192640|974225407
974225408|974258175
974258176|974323711
974323712|974389247
974389248|974454783
974454784|974520319
974520320|974651391
974651392|974782463
975044608|975175679
975175680|975699967
975699968|975831039
975831040|975896575
975896576|975962111
975962112|976224255
976224256|976748543
976748544|976879615
976879616|976945151
976945152|976977919
976977920|977010687
977010688|977272831
977397760|977399807
977403904|977534975
977567744|977600511
978452480|978583551
978796544|978812927
979599360|979632127
979632128|979763199
980680704|980942847
981467136|981991423
982515712|982581247
983171072|983302143
985661440|985792511
985792512|985923583
985923584|986054655
986054656|986185727
986185728|986710015
986710016|987758591
988807168|988938239
988938240|989069311
989069312|989200383
989200384|989331455
989331456|989855743
991952896|992477183
992477184|992608255
992608256|992673791
992673792|992739327
992739328|993001471
993001472|993067007
993067008|993099775
993099776|993132543
993132544|993198079
993198080|993230847
993230848|993263615
993263616|993525759
993525760|993787903
993787904|993918975
993918976|994050047
994050048|994312191
994312192|994574335
994574336|994705407
994705408|994836479
994836480|994902015
994902016|994967551
994967552|995098623
995098624|995360767
996868096|996900863
996900864|996933631
996933632|997064703
997064704|997195775
999751680|999784447
1000013824|1000079359
1001127936|1001259007
1001259008|1001390079
1002373120|1002405887
1002434560|1002438655
1002438656|1006632959
1006632960|1007157247
1007157248|1007288319
1007288320|1007353855
1007353856|1007419391
1007419392|1007484927
1007484928|1007501311
1007501312|1007517695
1007517696|1007550463
1007550464|1007681535
1007681536|1008205823
1008205824|1008467967
1008467968|1008599039
1008599040|1008664575
1008664576|1008730111
1010237440|1010302975
1010761728|1010827263
1017118720|1017249791
1017249792|1017380863
1017380864|1017511935
1017511936|1017643007
1017643008|1018167295
1018167296|1019215871
1019346944|1019478015
1019740160|1020002303
1020002304|1020067839
1020067840|1020133375
1020133376|1020264447
1020264448|1020788735
1020788736|1020919807
1020919808|1021050879
1021050880|1021313023
1021837312|1021968383
1022033920|1022099455
1022722048|1022754815
1022820352|1022885887
1023148032|1023213567
1023246336|1023279103
1023344640|1023410175
1023692800|1023693823
1023693824|1023694847
1023694848|1023696895
1023717376|1023721471
1023975424|1023979519
1025245184|1025249279
1025249280|1025253375
1025253376|1025261567
1025261568|1025277951
1025343488|1025359871
1025359872|1025368063
1025368064|1025372159
1025372160|1025376255
1026392064|1026408447
1026416640|1026420735
1026523136|1026539519
1026555904|1026818047
1026818048|1026949119
1026949120|1027014655
1027014656|1027080191
1029160960|1029177343
1031798784|1031929855
1031929856|1032060927
1032060928|1032126463
1032126464|1032159231
1032159232|1032191999
1032192000|1032208383
1032208384|1032216575
1032216576|1032224767
1032224768|1032241151
1032241152|1032257535
1032257536|1032323071
1032323072|1032339455
1032339456|1032355839
1032355840|1032388607
1032388608|1032421375
1032421376|1032454143
1032454144|1032470527
1032470528|1032486911
1032486912|1032503295
1032503296|1032519679
1032519680|1032552447
1032552448|1032568831
1032568832|1032585215
1032585216|1032847359
1032847360|1033109503
1033109504|1033240575
1033240576|1033371647
1033371648|1033437183
1033437184|1033502719
1033502720|1033633791
1033633792|1033699327
1033699328|1033764863
1033764864|1033797631
1033797632|1033830399
1033830400|1033846783
1033846784|1033863167
1033863168|1033895935
1033895936|1033961471
1033961472|1033977855
1033977856|1033994239
1033994240|1034027007
1034027008|1034092543
1034092544|1034158079
1034158080|1034223615
1034223616|1034289151
1034289152|1034354687
1034354688|1034420223
1034420224|1034485759
1034485760|1034551295
1034551296|1034682367
1034682368|1034944511
1034944512|1035010047
1035010048|1035075583
1035075584|1035141119
1035141120|1035206655
1035206656|1035239423
1035239424|1035272191
1035272192|1035337727
1035337728|1035403263
1035403264|1035468799
1035468800|1035730943
1035730944|1035796479
1035796480|1035829247
1035829248|1035862015
1035862016|1035993087
1038614528|1038876671
1038876672|1039007743
1039138816|1039400959
1694498816|1694499839
1694564352|1694565375
1694673920|1694674943
1694760960|1695023103
1695547392|1696595967
1696595968|1697644543
1697644544|1697775615
1697789952|1697790975
1697906688|1697972223
1697997824|1697998847
1698037760|1698103295
1698160640|1698162687
1698693120|1699217407
1699217408|1699479551
1699479552|1699610623
1699610624|1699611647
1699618816|1699627007
1699741696|1700790271
1700790272|1700792319
1700792320|1700793343
1700794368|1700798463
1700823040|1700855807
1701011456|1701019647
1701134336|1701142527
1701143552|1701143807
1701144064|1701144575
1701144576|1701146623
1701146624|1701150719
1701199872|1701208063
1701209088|1701209599
1701209600|1701209855
1701210112|1701212159
1701212160|1701216255
1701314560|1701576703
1701724160|1701732351
1701732352|1701736447
1701737472|1701738495
1701738496|1701740543
1702363136|1702625279
1702625280|1702756351
1702756352|1702821887
1702887424|1702888447
1702889472|1702891519
1702891520|1702895615
1702895616|1702903807
1702952960|1703018495
1703018496|1703149567
1703149568|1703411711
1703936000|1704984575
1707081728|1707343871
1707343872|1707606015
1707606016|1707737087
1707835392|1707843583
1707843584|1707845631
1707846656|1707847679
1707847680|1707851775
1707868160|1708130303
1709178880|1709703167
1709703168|1709834239
1709850624|1709852671
1709853696|1709854719
1709854720|1709858815
1709858816|1709867007
1709965312|1710227455
1710227456|1710489599
1710489600|1710751743
1710751744|1710882815
1710948352|1710949375
1710950400|1710952447
1710952448|1710956543
1710956544|1710964735
1710964736|1710981119
1710981120|1711013887
1711013888|1711144959
1711144960|1711210495
1728120832|1728121855
1728123904|1728124927
1728124928|1728125951
1728137216|1728138239
1728141312|1728142335
1728161792|1728162815
1728211968|1728212991
1728224256|1728225279
1728226304|1728227327
1728235520|1728236543
1728236544|1728237567
1728237568|1728238591
1728238592|1728239615
1728271360|1728272383
1728272384|1728273407
1728273408|1728274431
1728274432|1728275455
1728275456|1728276479
1728276480|1728277503
1728277504|1728278527
1728278528|1728279551
1728279552|1728280575
1728280576|1728281599
1728281600|1728282623
1728282624|1728283647
1728283648|1728284671
1728284672|1728285695
1728285696|1728286719
1728287744|1728288767
1728288768|1728289791
1728289792|1728290815
1728329728|1728330751
1728358400|1728359423
1728362496|1728363519
1728390144|1728391167
1728394240|1728395263
1728395264|1728396287
1728445440|1728446463
1728465920|1728466943
1728502784|1728503807
1728513024|1728514047
1728519168|1728520191
1728566272|1728567295
1728567296|1728568319
1728568320|1728569343
1728578560|1728579583
1728579584|1728580607
1728585728|1728586751
1728590848|1728591871
1728605184|1728606207
1728617472|1728618495
1728628736|1728629759
1728629760|1728630783
1728633856|1728634879
1728681984|1728683007
1728706560|1728707583
1728707584|1728708607
1728708608|1728709631
1728712704|1728713727
1728730112|1728731135
1728737024|1728737279
1728744448|1728745471
1728820224|1728821247
1728847872|1728848895
1728857088|1728858111
1728874496|1728875519
1728886784|1728887807
1728899072|1728900095
1728936960|1728937983
1728942080|1728943103
1728955392|1728956415
1728967680|1728968703
1728992256|1728993279
1728999424|1729000447
1729004544|1729005567
1729005568|1729006591
1729010688|1729011711
1729495040|1729496063
1729496064|1729497087
1729497088|1729498111
1729498112|1729499135
1729499136|1729500159
1729500160|1729501183
1729501184|1729502207
1729502208|1729503231
1729503232|1729504255
1729504256|1729505279
1729505280|1729506303
1729506304|1729507327
1729507328|1729508351
1729508352|1729509375
1729509376|1729510399
1729510400|1729511423
1729511424|1729512447
1729512448|1729513471
1729513472|1729514495
1729514496|1729515519
1729515520|1729516543
1729516544|1729517567
1729517568|1729518591
1729518592|1729519615
1729520640|1729521663
1729521664|1729522687
1729522688|1729523711
1729523712|1729524735
1729524736|1729525759
1729525760|1729526783
1729526784|1729527807
1729543168|1729544191
1729553408|1729554431
1729559552|1729560575
1729562624|1729563647
1729574912|1729575935
1729601536|1729602559
1729602560|1729603583
1729605632|1729606655
1729618944|1729619967
1729889280|1729890303
1729890304|1729891327
1729940480|1729941503
1729957888|1729958911
1729986560|1729987583
1729987584|1729988607
1729988608|1729989631
1744177152|1744178175
1744178176|1744179199
1744205824|1744206847
1744206848|1744207871
1744208896|1744209919
1744214016|1744215039
1744215040|1744216063
1744283648|1744284671
1744284672|1744285695
1744285696|1744286719
1744291840|1744292863
1744294912|1744295935
1778384896|1778385151
1778385408|1778385919
1778385920|1778386943
1778386944|1778388991
1778388992|1778393087
1778401280|1778417663
1778515968|1778647039
1778647040|1778909183
1778909184|1779040255
1779105792|1779171327
1779171328|1779433471
1779433472|1780482047
1780482048|1781530623
1781530624|1781661695
1781661696|1781727231
1781792768|1782054911
1782054912|1782579199
1783234560|1783365631
1783627776|1784676351
1785462784|1785724927
1785724928|1786249215
1786249216|1786773503
1793064960|1794113535
1845886976|1846018047
1846542336|1846804479
1848115200|1848377343
1848414208|1848418303
1848639488|1848705023
1848836096|1848901631
1848901632|1849032703
1849163776|1849688063
1849688064|1849819135
1850212352|1850343423
1850408960|1850441727
1850441728|1850449919
1850449920|1850458111
1850458112|1850474495
1850474496|1850482687
1850482688|1850490879
1850514432|1850515455
1850521600|1850522623
1850523648|1850540031
1850540032|1850572799
1850736640|1851260927
1851260928|1851523071
1851596800|1851604991
1851654144|1851785215
1851785216|1853882367
1855455232|1855717375
1855717376|1855848447
1856315392|1856323583
1856372736|1856503807
1856815104|1856831487
1856831488|1856839679
1856839680|1856843775
1856847872|1856856063
1856856064|1856864255
1856880640|1856888831
1857028096|1857552383
1857552384|1858076671
1858076672|1860173823
1860435968|1860698111
1860706304|1860714495
1860960256|1861091327
1861222400|1862270975
1862270976|1866465279
1866596352|1866661887
1866711040|1866715135
1866743808|1866751999
1866989568|1867513855
1867841536|1867907071
1868283904|1868292095
1869611008|1869742079
1869742080|1869873151
1869873152|1870004223
1870055424|1870057471
1870086144|1870102527
1870102528|1870110719
1870135296|1870397439
1870397440|1870462975
1870528512|1870659583
1870659584|1872756735
1872756736|1873281023
1873412096|1873477631
1873543168|1873805311
1873805312|1874329599
1874460672|1874591743
1874853888|1875902463
1875902464|1876164607
1876164608|1876426751
1876787200|1876819967
1876819968|1876885503
1876946944|1876947967
1876948992|1876950015
1876951040|1877213183
1877213184|1877475327
1877696512|1877704703
1877711872|1877712895
1877712896|1877721087
1879048192|1883242495
1883242496|1883373567
1883373568|1883504639
1883832320|1883897855
1883897856|1884028927
1884291072|1884815359
1884815360|1885339647
1885339648|1885470719
1885470720|1885601791
1885601792|1885863935
1886224384|1886257151
1886322688|1886388223
1886388224|1886650367
1886650368|1886781439
1887043584|1887174655
1887174656|1887436799
1887436800|1887698943
1887698944|1887764479
1888038912|1888040959
1891631104|1891893247
1893728256|1895825407
1895825408|1896349695
1896349696|1896480767
1896595456|1896603647
1896611840|1896873983
1896873984|1897005055
1897005056|1897070591
1897398272|1897660415
1897857024|1897922559
1898708992|1898971135
1898971136|1899233279
1899274240|1899282431
1899364352|1899495423
1899495424|1899626495
1899626496|1899692031
1899692032|1899724799
1899749376|1899750399
1899888640|1900019711
1900019712|1902116863
1902116864|1903165439
1903165440|1903689727
1903689728|1904214015
1904214016|1904345087
1904369664|1904373759
1904373760|1904375807
1904476160|1904738303
1904738304|1905262591
1908539392|1908670463
1908761600|1908762623
1908932608|1909063679
1909063680|1909129215
1909194752|1909456895
1909481472|1909489663
1909489664|1909522431
1909522432|1909587967
1909719040|1909735423
1909744640|1909745663
1909766144|1909768191
1909784576|1909817343
1909850112|1909981183
1910112256|1910243327
1910243328|1910505471
1910505472|1911554047
1911554048|1912078335
1912078336|1912340479
1914437632|1914503167
1916141568|1916272639
1916534784|1916796927
1916796928|1917059071
1917059072|1917124607
1917796352|1917812735
1917845504|1918894079
1918894080|1919418367
1919418368|1919680511
1919811584|1919815679
1919827968|1919844351
1919877120|1919885311
1919918080|1919926271
1919942656|1920204799
1920204800|1920335871
1920335872|1920466943
1921253376|1921318911
1921449984|1921515519
1921646592|1921777663
1921859584|1921861631
1921875968|1921892351
1925447680|1925578751
1925642240|1925644287
1926234112|1926496255
1926496256|1926627327
1926627328|1926692863
1926692864|1926758399
1926758400|1927282687
1927282688|1928331263
1928331264|1929379839
1930952704|1931214847
1931214848|1931345919
1931476992|1931739135
1932263424|1932394495
1932394496|1932460031
1932460032|1932525567
1932525568|1933574143
1933918208|1933922303
1934884864|1934901247
1934934016|1934942207
1934999552|1935015935
1935933440|1936195583
1936195584|1936457727
1937244160|1937506303
1937510400|1937514495
1939079168|1939341311
1939341312|1939472383
1939472384|1939603455
1939603456|1939734527
1939734528|1939800063
1939800064|1939865599
1940275200|1940283391
1940389888|1940652031
1940652032|1940914175
1941176320|1941438463
1941831680|1941962751
1941962752|1944059903
1944059904|1945108479
1946159104|1946161151
1946163200|1946165247
1946222592|1946288127
1946288128|1946419199
1946419200|1946681343
1946681344|1946943487
1947009024|1947074559
1947205632|1948254207
1949433856|1949437951
1949564928|1949827071
1949827072|1949958143
1949990912|1949995007
1950011392|1950015487
1950089216|1950351359
1950482432|1950515199
1950679040|1950744575
1950744576|1950777343
1951137792|1951268863
1951268864|1951399935
1951727616|1951793151
1952026624|1952030719
1952075776|1952079871
1952102400|1952104447
1952382976|1952448511
1953497088|1953759231
1953759232|1953890303
1954545664|1958739967
1958739968|1958805503
1958809600|1958813695
1958813696|1958821887
1958850560|1958852607
1958871040|1959002111
1959002112|1959067647
1959133184|1959198719
1959198720|1959231487
1959231488|1959239679
1959526400|1959657471
1959723008|1959788543
1959788544|1960050687
1960091648|1960095743
1960132608|1960148991
1960148992|1960181759
1960189952|1960198143
1960198144|1960202239
1960214528|1960247295
1960247296|1960312831
1960312832|1960574975
1960837120|1961885695
1962016768|1962147839
1962147840|1962278911
1962278912|1962409983
1962409984|1962541055
1962622976|1962639359
1962672128|1962803199
1962835968|1962868735
1962901504|1962934271
1963458560|1963982847
1964310528|1964376063
1964376064|1964507135
1964507136|1965031423
1965031424|1965555711
1965555712|1965817855
1965817856|1965948927
1966080000|1966342143
1966419968|1966424063
1966452736|1966456831
1966669824|1966735359
1966735360|1966768127
1966800896|1966866431
1966866432|1967128575
1967128576|1967652863
1967652864|1967783935
1967800320|1967804415
1967804416|1967808511
1967816704|1967849471
1967849472|1967915007
1967915008|1968177151
1968177152|1969225727
1969487872|1969618943
1969688576|1969692671
1969694720|1969696767
1969702912|1969704959
1969717248|1969721343
1969793024|1969795071
1969881088|1970012159
1970274304|1970798591
1970814976|1970831359
1970831360|1970864127
1970864128|1970896895
1970896896|1970913279
1970913280|1970915327
1970962432|1970995199
1971060736|1971322879
1971322880|1975517183
1981284352|1981415423
1981415424|1981480959
1981480960|1981546495
1981546496|1981677567
1981677568|1981743103
1981743104|1981808639
1983905792|1984036863
1984036864|1984102399
1984131072|1984135167
1984430080|1984954367
1984954368|1985085439
1985216512|1985347583
1985486848|1985495039
1985495040|1985511423
1985511424|1985544191
1985544192|1985609727
1985736704|1985740799
1986400256|1986404351
1986404352|1986406399
1987051520|1987575807
1987575808|1987837951
1987837952|1987969023
1987969024|1988034559
1988067328|1988075519
1988362240|1988624383
1989148672|1989410815
1991376896|1991442431
1991507968|1991770111
1991770112|1991835647
1991835648|1991901183
1991901184|1992032255
1992032256|1992097791
1992163328|1992294399
1992294400|1992425471
1992425472|1992458239
1992458240|1992491007
1992491008|1992556543
1992556544|1992818687
1992949760|1993080831
1993080832|1993342975
1993605120|1993670655
1993670656|1993736191
1994391552|1994653695
1994653696|1994784767
1994784768|1994850303
1995374592|1995440127
1995571200|1995636735
1995702272|1995964415
1995964416|1996488703
1996488704|1996619775
1996619776|1996627967
1996652544|1996685311
1996685312|1996750847
1996750848|1997012991
1997012992|1997078527
1997144064|1997176831
1997506560|1997508607
1997537280|1997602815
1997717504|1997721599
1997721600|1997723647
1997725696|1997729791
1997729792|1997733887
1997733888|1997799423
1997799424|1998061567
1998274560|1998290943
1998290944|1998299135
1998299136|1998307327
1998307328|1998323711
1998323712|1998454783
1998467072|1998471167
1998569472|1998577663
1998585856|1998847999
1998848000|1998913535
1998913536|1998946303
1998946304|1998962687
1998962688|1998979071
1998979072|1999011839
1999011840|1999028223
1999028224|1999032319
1999032320|1999036415
1999036416|1999044607
1999044608|1999110143
1999110144|1999126527
1999126528|1999130623
1999142912|1999175679
1999175680|1999241215
1999241216|1999249407
1999273984|1999276031
1999276032|1999278079
1999298560|1999306751
1999372288|1999503359
1999634432|2000158719
2000224256|2000289791
2000289792|2000355327
2000388096|2000420863
2000420864|2000486399
2000486400|2000551935
2000551936|2000617471
2000625664|2000633855
2001457152|2001461247
2001600512|2001731583
2001731584|2001797119
2001915904|2001919999
2001993728|2002255871
2002255872|2002518015
2002780160|2003304447
2003566592|2003697663
2003828736|2004353023
2004353024|2004877311
2004877312|2005925887
2005925888|2006188031
2006228992|2006233087
2006233088|2006237183
2006433792|2006450175
2007025664|2007027711
2007072768|2007105535
2007105536|2007236607
2007236608|2007498751
2008023040|2009071615
2011693056|2011824127
2011922432|2011938815
2012741632|2013003775
2013028352|2013030399
2013065216|2013069311
2013069312|2013134847
2013134848|2013265919
2013265920|2014314495
2014838784|2015100927
2015232000|2015297535
2015297536|2015363071
2015363072|2015887359
2015887360|2016149503
2016149504|2016411647
2016411648|2016542719
2016673792|2016935935
2017460224|2017722367
2017722368|2017984511
2017992704|2018000895
2018017280|2018050047
2018246656|2018508799
2018508800|2019033087
2019035136|2019037183
2019164160|2019295231
2019295232|2019360767
2019426304|2019491839
2019491840|2019557375
2021654528|2021916671
2021916672|2021949439
2021949440|2021982207
2021982208|2022047743
2022047744|2022178815
2022211584|2022227967
2022244352|2022277119
2022670336|2022678527
2025848832|2030043135
2030045184|2030047231
2030047232|2030051327
2030305280|2030436351
2030567424|2031091711
2031091712|2031615999
2031616000|2031878143
2031878144|2032009215
2032009216|2032074751
2032074752|2032140287
2032140288|2032402431
2032402432|2032467967
2032467968|2032533503
2032533504|2032664575
2032664576|2032926719
2033057792|2033074175
2033090560|2033123327
2033123328|2033188863
2033188864|2033319935
2033321984|2033324031
2033385472|2033451007
2033491968|2033500159
2033504256|2033508351
2033508352|2033516543
2033627136|2033629183
2033647616|2033663999
2033713152|2033844223
2033844224|2033876991
2033879040|2033881087
2033881088|2033885183
2033885184|2033887231
2033909760|2033975295
2033975296|2034237439
2034499584|2034761727
2035023872|2035154943
2035253248|2035269631
2035875840|2035941375
2036629504|2036662271
2036662272|2036678655
2036715520|2036719615
2042626048|2042691583
2042691584|2042757119
2042757120|2042888191
2042888192|2043150335
2043199488|2043201535
2043215872|2043281407
2043412480|2043674623
2044723200|2045771775
2046296064|2046558207
2046754816|2046820351
2046836736|2046853119
2046853120|2046885887
2047082496|2047344639
2047344640|2047410175
2047410176|2047475711
2047475712|2047508479
2047508480|2047541247
2047541248|2047606783
2047606784|2047672319
2047672320|2047737855
2047737856|2047803391
2047803392|2047868927
2049966080|2050031615
2050031616|2050047999
2050162688|2050228223
2051014656|2053111807
2053111808|2053242879
2053505024|2053509119
2053521408|2053525503
2053525504|2053529599
2054160384|2054422527
2054619136|2054684671
2055239680|2055241727
2055733248|2056257535
2056290304|2056323071
2056830976|2056847359
2057043968|2057306111
2059141120|2059403263
2059403264|2059665407
2059796480|2059862015
2059943936|2059960319
2060005376|2060009471
2060189696|2060451839
2061500416|2062548991
2062548992|2063073279
2063079424|2063081471
2063085568|2063089663
2063548416|2063550463
2063630336|2063646719
2063859712|2064121855
2064121856|2064646143
2066841600|2066874367
2066915328|2066923519
2067005440|2067267583
2067267584|2067398655
2067398656|2067464191
2067464192|2067529727
2067529728|2067660799
2067660800|2067726335
2067791872|2069889023
2069889024|2070020095
2070020096|2070052863
2070118400|2070151167
2070151168|2070159359
2070216704|2070282239
2070347776|2070380543
2070708224|2070712319
2070728704|2070732799
2070937600|2071986175
2071986176|2072510463
2072530944|2072535039
2072576000|2072641535
2072641536|2072772607
2073034752|2073296895
2073296896|2073362431
2073362432|2073427967
2073427968|2073559039
2073559040|2074083327
2074083328|2074345471
2074345472|2074607615
2074607616|2074869759
2074869760|2075000831
2075000832|2075131903
2075147264|2075148287
2075152384|2075156479
2075197440|2075262975
2075262976|2075394047
2075394048|2075656191
2075656192|2075918335
2075918336|2076180479
2076442624|2076573695
2076672000|2076704767
2077097984|2077229055
2078801920|2079064063
2079457280|2079490047
2079588352|2079850495
2079916032|2079981567
2080178176|2080243711
2080784384|2080800767
2081292288|2081423359
2081423360|2081554431
2081685504|2081751039
2081751040|2081755135
2081755136|2081759231
2081759232|2081767423
2081767424|2081783807
2081783808|2081816575
2081816576|2081947647
2082258944|2082275327
2082275328|2082308095
2082406400|2082471935
2083024896|2083028991
2083028992|2083045375
2083045376|2083053567
2083127296|2083160063
2083160064|2083192831
2083454976|2083471359
2084569088|2084700159
2084700160|2084732927
2084765696|2084831231
2084831232|2085093375
2085093376|2085158911
2085158912|2085224447
2085224448|2085355519
2085355520|2085617663
2086141952|2086207487
2086207488|2086240255
2086240256|2086273023
2086273024|2086404095
2086404096|2086666239
2087454720|2087456767
2087462912|2087464959
2087542784|2087544831
2087714816|2087845887
2087845888|2087976959
2087976960|2088042495
2088042496|2088108031
2088108032|2088239103
2088632320|2088763391
2088763392|2089287679
2090041344|2090074111
2090270720|2090336255
2090336256|2090401791
2090598400|2090663935
2090860544|2090926079
2090926080|2090991615
2090991616|2091057151
2091057152|2091122687
2091122688|2091384831
2091646976|2091778047
2091778048|2091909119
2092957696|2093088767
2093219840|2093285375
2093481984|2094006271
2094792704|2095054847
2095054848|2095120383
2095120384|2095185919
2095185920|2095316991
2095316992|2095579135
2095579136|2095710207
2095710208|2095841279
2095841280|2096103423
2096103424|2096136191
2096136192|2096152575
2096234496|2096300031
2096349184|2096365567
2096627712|2096660479
2096693248|2096758783
2096758784|2096889855
2097020928|2097037311
2099232768|2099249151
2099249152|2099314687
2099314688|2099380223
2099380224|2099445759
2099445760|2099478527
2099478528|2099511295
2099511296|2099773439
2099773440|2100297727
2100985856|2101018623
2101182464|2101215231
2101215232|2101231615
2101346304|2101870591
2101870592|2101936127
2101936128|2102001663
2102001664|2102132735
2102132736|2102165503
2102165504|2102198271
2102198272|2102263807
2102263808|2102394879
2102394880|2102919167
2102919168|2103443455
2103443456|2103574527
2103574528|2103640063
2103967744|2104492031
2104492032|2105540607
2108227584|2108293119
2108358656|2108424191
2110783488|2110799871
2110914560|2110980095
2110980096|2111045631
2111111168|2111143935
2111201280|2111209471
2111242240|2111258623
2111307776|2111438847
2111438848|2111504383
2111504384|2111569919
2111569920|2111700991
2111700992|2111832063
2113830912|2113847295
2113847296|2113863679
2260992000|2261057535
2332622848|2332688383
2340487168|2340552703
2341732352|2341797887
2342191104|2342256639
2342453248|2342518783
2343174144|2343239679
2343567360|2343632895
2344026112|2344091647
2344222720|2344288255
2344419328|2344484863
2344878080|2345140223
2345140224|2345664511
2345664512|2346188799
2346450944|2346582015
2346713088|2346778623
2346844160|2346975231
2353725440|2353790975
2358181888|2358247423
2362245120|2362310655
2362310656|2362441727
2362572800|2362638335
2363490304|2363555839
2364342272|2364407807
2364538880|2364604415
2364735488|2364801023
2364932096|2364997631
2365128704|2365194239
2365194240|2365259775
2365521920|2365587455
2415919104|2415984639
2416377856|2416443391
2416705536|2416771071
2419326976|2419392511
2423980032|2424045567
2432630784|2432696319
2516582400|2516647935
2524119040|2524184575
2524512256|2524577791
2524577792|2524643327
2525626368|2525757439
2531196928|2531262463
2533294080|2533359615
2566914048|2566979583
2567110656|2567176191
2569142272|2569273343
2569273344|2569404415
2573402112|2573467647
2573533184|2573598719
2574647296|2574778367
2634022912|2634088447
2635202560|2635268095
2638020608|2638086143
2642018304|2642083839
2643722240|2643787775
2644246528|2644312063
2650734592|2650800127
2682388480|2682454015
2714697728|2714763263
2724790272|2724855807
2734686208|2734751743
2742878208|2742943743
2743992320|2744057855
2746286080|2746351615
2746417152|2746482687
2748055552|2748121087
2792292352|2792357887
2810904576|2810970111
2829058048|2829123583
2869428224|2869952511
2871132160|2871263231
2871263232|2871525375
2871525376|2872049663
2874146816|2874408959
2874408960|2874671103
2874671104|2875195391
2875719680|2876243967
2876243968|2876506111
2876506112|2876768255
2876768256|2877292543
2882535424|2883583999
2936012800|2937061375
2937061376|2937585663
2937585664|2937847807
2937978880|2938109951
2938765312|2938896383
2938896384|2938961919
2939027456|2939158527
2939158528|2940207103
2940207104|2942304255
2942697472|2942763007
2942992384|2943025151
2945581056|2945712127
2945712128|2945974271
2945974272|2946236415
2946498560|2947547135
2947678208|2947743743
2948104192|2948120575
2948136960|2948202495
2948202496|2948333567
2948333568|2948595711
3024879616|3024945151
3024945152|3025010687
3025010688|3025141759
3025403904|3025534975
3025534976|3025600511
3025666048|3025928191
3026073600|3026075647
3026083840|3026087935
3026157568|3026190335
3026190336|3028287487
3028385792|3028418559
3028418560|3028484095
3028811776|3029336063
3029602304|3029604351
3029637120|3029639167
3029653504|3029655551
3029655552|3029663743
3029696512|3029704703
3029770240|3029778431
3029860352|3030384639
3030384640|3031433215
3031613440|3031629823
3031957504|3032219647
3032219648|3032252415
3032323072|3032324095
3033070592|3033071615
3033071616|3033137151
3033137152|3033268223
3033530368|3033661439
3033718784|3033726975
3033792512|3033923583
3034505216|3034513407
3034513408|3034578943
3035168768|3035185151
3035185152|3035193343
3035316224|3035324415
3054551040|3054559231
3054632960|3054665727
3055007744|3055009791
3055011840|3055013887
3055550464|3056599039
3056623616|3056631807
3056664576|3056730111
3056730112|3056734207
3056758784|3056762879
3056795648|3056861183
3056992256|3057025023
3057451008|3057516543
3058696192|3058958335
3058958336|3059220479
3059220480|3059482623
3059482624|3059548159
3059744768|3060793343
3060793344|3061841919
3061841920|3062890495
3062890496|3063414783
3063742464|3063807999
3063955456|3063963647
3064856576|3064987647
3066560512|3067084799
3068952576|3068985343
3069050880|3069116415
3069116416|3069124607
3069181952|3069706239
3070099456|3070164991
3070230528|3074424831
3074424832|3074949119
3075388416|3075389439
3075585024|3075586047
3075735552|3075866623
3076227072|3076228095
3076229120|3076231167
3076231168|3076235263
3076259840|3076521983
3078619136|3080716287
3080716288|3081240575
3081240576|3081371647
3081371648|3081437183
3081502720|3081764863
3082158080|3082166271
3082289152|3082813439
3082813440|3087007743
3229391360|3229391615
3233589760|3233590015
3389023232|3389023743
3389028864|3389029375
3389042688|3389043711
3389227008|3389227519
3389292544|3389300735
3389324288|3389325311
3389392384|3389392895
3389407744|3389408255
3389409280|3389409791
3389413120|3389413375
3389413376|3389413887
3389414400|3389414911
3389417216|3389417471
3389418496|3389418751
3389419008|3389419519
3389420032|3389420287
3389435904|3389439999
3389521920|3389522175
3389522432|3389522943
3389522944|3389523455
3389524992|3389525247
3389528064|3389528319
3389541632|3389541887
3389554688|3389562879
3389571072|3389575167
3389595648|3389595903
3389596160|3389596671
3389599744|3389600255
3389600512|3389600767
3389600768|3389601279
3389601280|3389601535
3389602048|3389602303
3389602304|3389602815
3389669376|3389673471
3389784320|3389784575
3389784576|3389784831
3389788416|3389788671
3389788672|3389788927
3389788928|3389789183
3389802496|3389802751
3389805568|3389806079
3389808640|3389808895
3389809152|3389809663
3389811200|3389811455
3389812480|3389812735
3389813760|3389814015
3389931520|3389932031
3389932800|3389933055
3389933824|3389934079
3389934080|3389934591
3389934592|3389934847
3389935104|3389935615
3389937664|3389937919
3389939968|3389940223
3389941760|3389942271
3389942784|3389943295
3389943552|3389943807
3389944320|3389944831
3389945344|3389945855
3389946880|3389947391
3389947648|3389947903
3389948160|3389948415
3389949696|3389949951
3389949952|3389950207
3389953280|3389953535
3389953792|3389954047
3389955328|3389955583
3389955584|3389956095
3389958400|3389958655
3389958656|3389959167
3389960192|3389960447
3389962240|3389962751
3389968384|3389968895
3389969664|3389969919
3389971200|3389971455
3389971456|3389971711
3389971968|3389972479
3389972736|3389972991
3389972992|3389973503
3389974272|3389974527
3389975296|3389975551
3389975552|3389976063
3389976064|3389976319
3389976320|3389976575
3389978112|3389978367
3389979392|3389979647
3390325248|3390325503
3390328576|3390328831
3390330624|3390330879
3390330880|3390331391
3390331392|3390331647
3390332416|3390332927
3390337536|3390337791
3390338304|3390338559
3390339072|3390339327
3390340352|3390340607
3390340864|3390341119
3390407424|3390407679
3390407680|3390407935
3390409984|3390410239
3390410240|3390410495
3390411520|3390411775
3390411776|3390412031
3390412288|3390412799
3390412800|3390413311
3390413312|3390413567
3390413824|3390414079
3390502912|3390503935
3390503936|3390504959
3390801920|3390802431
3391488000|3391488511
3391488512|3391489023
3391490048|3391492095
3391500288|3391504383
3391504384|3391512575
3391512576|3391520767
3391520768|3391521279
3391521280|3391521791
3391521792|3391522303
3391522304|3391522559
3391522560|3391522815
3391522816|3391523327
3391523328|3391523583
3391523840|3391524351
3391524352|3391524863
3391525376|3391525887
3391526144|3391526399
3391526400|3391526911
3391526912|3391527423
3391527424|3391527935
3391527936|3391528191
3391528448|3391528959
3391528960|3391529471
3391529984|3391531007
3391531008|3391531519
3391531520|3391531775
3391531776|3391532031
3391533056|3391533567
3391535104|3391537151
3391537152|3391553535
3391620096|3391620607
3391620864|3391621119
3391622912|3391623167
3391653632|3391653887
3391653888|3391654143
3391654912|3391655167
3391655680|3391655935
3391655936|3391656447
3391657472|3391657727
3391658752|3391659007
3391659008|3391659263
3391659520|3391660031
3391660544|3391660799
3391686656|3391687167
3391687424|3391687679
3391687680|3391688191
3391717376|3391717631
3391717888|3391718399
3391723520|3391725567
3391733760|3391734015
3391746048|3391750143
3391835136|3391836159
3391852544|3391856639
3391885312|3391889407
3391898368|3391898623
3391900160|3391900415
3391914240|3391914495
3391915008|3391915519
3391918592|3391919103
3391946752|3391947263
3391947264|3391947519
3391950592|3391950847
3391950848|3391954943
3392016384|3392016895
3392016896|3392017151
3392017408|3392017919
3392020480|3392028671
3392045056|3392045311
3392069632|3392073727
3392098816|3392099327
3392110080|3392110335
3392110592|3392110847
3392111104|3392111615
3392794624|3392798719
3392798720|3392798975
3392864256|3392864511
3392918528|3392919551
3392923648|3392924159
3392924672|3392924927
3392942080|3392944127
3392954368|3392956415
3392958464|3392962559
3392963584|3392964607
3392964608|3392966655
3392966656|3392970751
3393089536|3393090559
3393124352|3393125375
3393125376|3393125631
3393126144|3393126399
3393147136|3393147391
3393147392|3393147903
3393147904|3393148927
3393148928|3393150975
3393167360|3393175551
3393189888|3393190911
3393257472|3393259519
3393259520|3393260031
3393388544|3393389567
3393520640|3393521663
3393523712|3393527807
3393585152|3393593343
3393609728|3393613823
3393634304|3393638399
3393726464|3393728511
3393736704|3393740799
3393814528|3393815551
3393849344|3393851391
3393867776|3393871871
3393912320|3393912831
3393966080|3393970175
3393977344|3393978367
3394042880|3394043903
3394064384|3394066431
3394067456|3394068479
3394111488|3394113535
3394232320|3394234367
3394238464|3394239487
3394289664|3394291711
3394291712|3394293759
3394306048|3394307071
3394501632|3394502655
3394503680|3394504703
3394504704|3394506751
3394508800|3394510847
3394621440|3394625535
3394697472|3394697727
3394698240|3394699263
3394719744|3394723839
3394832384|3394834431
3394895872|3394896895
3394924544|3394928639
3394946048|3394946303
3394953216|3394957311
3394961408|3394962431
3394985984|3394990079
3394994176|3394995199
3395006464|3395010559
3395018752|3395026943
3395026944|3395027967
3395028992|3395031039
3395039232|3395043327
3395091456|3395092479
3395092480|3395093503
3395156992|3395158015
3395181568|3395182591
3395223552|3395224575
3395224576|3395225599
3395225600|3395227647
3395227648|3395231743
3395284992|3395287039
3395288064|3395289087
3395289088|3395305471
3395305472|3395307519
3395307520|3395309567
3395309568|3395313663
3395313664|3395315711
3395315712|3395317759
3395317760|3395321855
3395321856|3395323903
3395323904|3395325951
3395325952|3395330047
3395330048|3395332095
3395332096|3395334143
3395334144|3395338239
3395338240|3395340287
3395340288|3395342335
3395342336|3395346431
3395346432|3395348479
3395348480|3395350527
3395350528|3395354623
3395354624|3395356671
3395356672|3395358719
3395358720|3395362815
3395362816|3395371007
3395371008|3395379199
3395379200|3395383295
3395383296|3395387391
3395387392|3395403775
3395403776|3395411967
3395411968|3395414015
3395414016|3395416063
3395416064|3395420159
3395420160|3395422207
3395422208|3395424255
3395424256|3395428351
3395428352|3395430399
3395430400|3395432447
3395432448|3395436543
3395436544|3395444735
3395444736|3395446783
3395446784|3395448831
3395448832|3395452927
3395452928|3395461119
3395461120|3395463167
3395463168|3395465215
3395465216|3395469311
3395469312|3395471359
3395471360|3395473407
3395473408|3395477503
3395477504|3395479551
3395479552|3395481599
3395481600|3395485695
3395485696|3395502079
3395502080|3395510271
3395510272|3395512319
3395512320|3395514367
3395514368|3395518463
3395518464|3395526655
3395526656|3395528703
3395528704|3395530751
3395530752|3395534847
3395534848|3395536895
3395536896|3395538943
3395538944|3395543039
3395543040|3395545087
3395545088|3395547135
3395547136|3395551231
3395551232|3395553279
3395553280|3395555327
3395555328|3395559423
3395559424|3395567615
3395567616|3395569663
3395569664|3395571711
3395571712|3395575807
3395575808|3395577855
3395577856|3395579903
3395579904|3395583999
3395584000|3395586047
3395586048|3395588095
3395588096|3395592191
3395592192|3395594239
3395594240|3395596287
3395596288|3395600383
3395600384|3395602431
3395602432|3395604479
3395604480|3395608575
3395608576|3395616767
3395616768|3395633151
3395633152|3395641343
3395641344|3395649535
3395649536|3395665919
3395665920|3395674111
3395674112|3395676159
3395676160|3395678207
3395678208|3395682303
3395682304|3395690495
3395690496|3395698687
3395698688|3395715071
3395715072|3395717119
3395717120|3395719167
3395719168|3395723263
3395723264|3395731455
3395731456|3395733503
3395733504|3395735551
3395735552|3395739647
3395739648|3395741695
3395741696|3395743743
3395743744|3395747839
3395747840|3395749887
3395749888|3395751935
3395751936|3395756031
3395756032|3395764223
3395764224|3395772415
3395772416|3395774463
3395774464|3395776511
3395776512|3395780607
3395780608|3395796991
3395796992|3395805183
3395805184|3395807231
3395807232|3395809279
3395809280|3395813375
3395813376|3395944447
3395944448|3396009983
3396009984|3396042751
3396042752|3396075519
3396075520|3396141055
3396141056|3396206591
3396206592|3396222975
3396222976|3396239359
3396239360|3396255743
3396255744|3396272127
3396272128|3396304895
3396304896|3396313087
3396313088|3396321279
3396321280|3396337663
3396337664|3396403199
3396403200|3396407295
3396407296|3396411391
3396411392|3396419583
3396419584|3396435967
3396435968|3396452351
3396452352|3396460543
3396460544|3396464639
3396464640|3396468735
3396468736|3396476927
3396476928|3396485119
3396485120|3396501503
3396501504|3396534271
3396534272|3396542463
3396542464|3396550655
3396550656|3396567039
3396567040|3396599807
3396599808|3396607999
3396608000|3396612095
3396612096|3396616191
3396616192|3396624383
3396624384|3396632575
3396632576|3396665343
3396665344|3396681727
3396681728|3396698111
3396698112|3396730879
3396730880|3396739071
3396739072|3396747263
3396747264|3396763647
3396763648|3396796415
3396796416|3396804607
3396804608|3396812799
3396812800|3396816895
3396816896|3396820991
3396820992|3396829183
3396829184|3396861951
3396861952|3396878335
3396878336|3396894719
3396894720|3396927487
3396927488|3396993023
3396993024|3396995071
3397001216|3397003263
3397009408|3397017599
3397021696|3397023743
3397023744|3397025791
3397025792|3397026047
3397026816|3397027071
3397083136|3397087231
3397128192|3397130239
3397130240|3397131263
3397218304|3397222399
3397234688|3397238783
3397320704|3397321215
3397321216|3397321471
3397321472|3397321727
3397321728|3397321983
3397321984|3397322239
3397322240|3397322751
3397323776|3397324799
3397324800|3397328895
3397330944|3397332991
3397332992|3397337087
3397349376|3397353471
3397353472|3397357567
3397357568|3397361663
3397361664|3397363711
3397369856|3397370367
3397370368|3397370879
3397370880|3397371903
3397371904|3397373951
3397373952|3397374207
3397374208|3397374463
3397374976|3397375999
3397376000|3397378047
3397378048|3397386239
3397517312|3397525503
3397574656|3397582847
3397586944|3397588991
3397595136|3397599231
3397636096|3397640191
3397722112|3397726207
3397794304|3397794559
3397812224|3397816319
3397922816|3397926911
3397963776|3397967871
3397967872|3397971967
3398035200|3398035455
3398279168|3398287359
3398307840|3398311935
3398370304|3398371327
3398373376|3398377471
3398377472|3398381567
3398383616|3398385663
3398606848|3398610943
3398614016|3398615039
3398616064|3398617087
3398617088|3398619135
3398668288|3398672383
3398705152|3398709247
3398713344|3398721535
3398721536|3398729727
3398770688|3398778879
3398803456|3398811647
3398819840|3398828031
3398832128|3398836223
3398836224|3398840319
3398842368|3398843391
3398877184|3398881279
3398885376|3398893567
3398893568|3398894591
3398926336|3398934527
3399004160|3399008255
3399024640|3399025663
3399036928|3399041023
3399335936|3399344127
3399393280|3399401471
3399528448|3399532543
3399631616|3399631871
3399633664|3399633919
3399745536|3399749631
3399751936|3399752191
3399770112|3399778303
3399835648|3399839743
3399856128|3399860223
3399864320|3399868415
3399872256|3399872511
3399872512|3399873023
3399873280|3399873535
3399873792|3399874047
3399875328|3399875583
3399875584|3399876607
3399933952|3399942143
3400048640|3400052735
3400052736|3400056831
3400171520|3400179711
3400194048|3400196095
3400196096|3400204287
3400259584|3400261631
3400264448|3400264703
3400269824|3400270847
3400335360|3400336383
3400337408|3400339455
3400392704|3400400895
3400417280|3400421375
3400589312|3400597503
3400790016|3400794111
3400826880|3400835071
3400847360|3400849407
3400888320|3400892415
3400933376|3400937471
3400974336|3400982527
3401383936|3401400319
3401404416|3401408511
3401431040|3401433087
3401515008|3401515263
3401532416|3401533439
3401533440|3401535487
3401535488|3401539583
3401580544|3402104831
3402104832|3402366975
3402366976|3402629119
3405775872|3405776895
3405777408|3405777919
3405779456|3405779711
3405780992|3405781247
3405785600|3405786111
3405786368|3405786623
3405786624|3405787135
3405795584|3405795839
3405795840|3405796351
3405797888|3405798399
3405799424|3405799935
3405801472|3405803519
3405804032|3405804543
3405806080|3405806335
3405807616|3405807871
3405808128|3405808639
3405808640|3405809663
3405809920|3405810175
3405811200|3405811455
3405811712|3405811967
3405812224|3405812479
3405812736|3405812991
3405813248|3405813759
3405813760|3405814015
3405820160|3405820415
3405832192|3405832447
3405841408|3405842431
3405844992|3405845247
3405847040|3405847551
3405857024|3405857279
3405857280|3405857791
3405858304|3405858815
3405859840|3405860351
3405863424|3405863679
3405865216|3405865471
3405865472|3405865983
3405865984|3405867007
3405868032|3405868287
3405905152|3405905407
3405905408|3405905663
3405922304|3405924351
3405924608|3405924863
3405934592|3405936639
3405938176|3405938687
3405941760|3405942015
3405944320|3405944575
3405944832|3405945855
3405945856|3405946367
3405946880|3405948927
3405952000|3405952511
3405956096|3405956607
3405959424|3405959679
3405960704|3405961215
3405963776|3405964287
3405964544|3405964799
3405966336|3405966847
3405988864|3405989119
3405989888|3405990399
3405990656|3405990911
3405991936|3405993983
3405996032|3405997055
3405998336|3405998591
3406000128|3406002175
3406002176|3406002431
3406002944|3406003199
3406006016|3406006271
3406007040|3406007295
3406008064|3406008319
3406070784|3406071295
3406071296|3406071551
3406075648|3406075903
3406075904|3406076927
3406081536|3406082047
3406083072|3406083327
3406084608|3406084863
3406089472|3406089727
3406090240|3406091263
3406095104|3406095359
3406095872|3406096383
3406103552|3406104063
3406104320|3406104575
3406104576|3406105087
3406105344|3406105599
3406107904|3406108159
3406108160|3406108415
3406113792|3406114047
3406114304|3406114815
3406115840|3406116863
3406116864|3406117375
3406117888|3406118399
3406131712|3406132223
3406132736|3406132991
3406133248|3406133503
3406146560|3406146815
3406148608|3406149119
3406149120|3406149375
3406149888|3406150143
3406150144|3406150399
3406150656|3406151167
3406151168|3406151423
3406152448|3406152703
3406157312|3406157823
3406158336|3406158847
3406201600|3406201855
3406202880|3406203135
3406203392|3406203903
3406204416|3406204671
3406206464|3406206975
3406208256|3406208511
3406208768|3406209023
3406225408|3406229503
3406231552|3406232063
3406266624|3406266879
3406268928|3406269439
3406271232|3406271487
3406272000|3406272511
3406274048|3406274303
3406282752|3406283263
3406284800|3406285055
3406299136|3406299391
3406301184|3406301439
3406305024|3406305279
3406305280|3406307327
3406317056|3406317311
3406320128|3406320383
3406321152|3406321663
3406322432|3406322687
3406327296|3406327807
3406328576|3406328831
3406341632|3406342143
3406342400|3406342655
3406343424|3406343679
3406346240|3406346495
3406346752|3406347263
3406347776|3406348287
3406348288|3406348543
3406349568|3406349823
3406349824|3406350335
3406351104|3406351359
3406352640|3406352895
3406352896|3406353407
3406353408|3406354431
3406354688|3406354943
3406355456|3406355711
3406372864|3406373119
3406373888|3406374399
3406379264|3406379519
3406380800|3406381055
3406381312|3406381567
3406382592|3406383103
3406383104|3406383359
3406383872|3406384127
3406384128|3406384639
3406389248|3406390271
3406390272|3406390783
3406392320|3406392575
3406405120|3406405375
3406438912|3406439167
3406444544|3406444799
3406449152|3406449663
3406451712|3406452735
3406452736|3406452991
3406454528|3406454783
3406462208|3406462463
3406513664|3406513919
3406515200|3406516223
3406516736|3406516991
3406517248|3406518271
3406521344|3406522367
3406523648|3406523903
3406525696|3406525951
3406526976|3406527231
3406528000|3406528255
3406530560|3406531583
3406531840|3406532095
3406532096|3406532607
3406541824|3406542847
3406548992|3406550015
3406565376|3406565631
3406566144|3406566399
3406567424|3406567679
3406575872|3406576127
3406577920|3406578175
3406578176|3406578431
3406579200|3406579711
3406583552|3406583807
3406583808|3406585855
3406586880|3406587391
3406587648|3406587903
3406590464|3406590719
3406591488|3406591743
3406594560|3406594815
3406596352|3406596607
3406611456|3406612479
3406612480|3406614527
3406615296|3406615551
3406617344|3406617599
3406619136|3406619391
3406622720|3406623743
3406631424|3406631679
3406632960|3406633215
3406638080|3406638591
3406647296|3406649343
3406649344|3406649855
3406650368|3406651391
3406671104|3406671359
3406684160|3406684671
3406684928|3406685183
3406686464|3406686719
3406698496|3406699519
3406700800|3406701055
3406706688|3406706943
3406707968|3406708223
3406708224|3406708479
3406718976|3406719231
3406721536|3406722047
3406722560|3406722815
3406733824|3406734079
3406739456|3406741503
3406741504|3406741759
3406742016|3406742527
3406747136|3406747391
3406751488|3406751743
3406755328|3406755583
3406757888|3406761983
3406763008|3406763519
3406763520|3406763775
3406780160|3406780415
3406780416|3406780927
3406784768|3406785023
3406786560|3406788607
3406791168|3406791679
3406796032|3406796287
3406796544|3406796799
3406797824|3406798847
3406802432|3406802687
3406816000|3406816255
3406817280|3406819327
3406819328|3406819839
3406820864|3406821119
3406825984|3406826239
3406826496|3406827007
3406827520|3406829567
3406830336|3406830591
3406833152|3406833407
3406835968|3406836223
3406836224|3406836735
3406838272|3406838527
3406857472|3406857727
3406864640|3406864895
3406864896|3406865151
3406871040|3406871551
3406881792|3406882047
3406884352|3406884607
3406884864|3406885119
3406886144|3406886399
3406889472|3406889727
3406893568|3406893823
3406896128|3406896383
3406898944|3406899199
3406903296|3406903551
3406907904|3406908415
3406911488|3406911999
3406923776|3406924031
3406930944|3406931199
3406936832|3406937087
3406937600|3406938111
3406948096|3406948351
3406948608|3406948863
3406952448|3406952703
3406954240|3406954495
3406955008|3406955519
3406955520|3406955775
3406956288|3406956543
3406962432|3406962687
3406963968|3406964223
3406966784|3406967295
3406967296|3406967551
3406967808|3406968063
3406972928|3406973951
3406974976|3406975487
3406976768|3406977023
3406980096|3406980607
3406981376|3406981631
3406981888|3406982143
3406982656|3406982911
3406987520|3406987775
3406988032|3406988287
3406988288|3406988799
3406991360|3406991615
3406993664|3406993919
3407005440|3407005695
3407007744|3407007999
3407008512|3407008767
3407009536|3407009791
3407024640|3407024895
3407026176|3407026431
3407027712|3407027967
3407028224|3407030271
3407030528|3407030783
3407031296|3407031807
3407031808|3407032063
3407034880|3407035135
3407035392|3407035903
3407036416|3407036671
3407037440|3407037695
3407038464|3407038719
3407045888|3407046143
3407048448|3407048703
3407053568|3407053823
3407054080|3407054335
3407056896|3407057151
3407058176|3407058431
3407059968|3407060223
3407065088|3407065343
3407065600|3407066111
3407073280|3407073535
3407078400|3407079423
3407079680|3407079935
3407081984|3407082239
3407083520|3407084031
3407085312|3407085567
3407089920|3407090175
3407095808|3407096319
3407097856|3407098111
3407101184|3407101439
3407102208|3407102463
3407107072|3407107583
3407108352|3407108607
3407112704|3407113215
3407115008|3407115263
3407115520|3407115775
3407115776|3407116287
3407116800|3407117055
3407117824|3407118335
3407120128|3407120383
3407120384|3407122431
3407123968|3407124223
3407144448|3407144703
3407144960|3407145215
3407145984|3407146239
3407151104|3407151615
3407151616|3407151871
3407153152|3407153407
3407153664|3407153919
3407155712|3407155967
3407159552|3407159807
3407159808|3407160063
3407161600|3407161855
3407162368|3407162623
3407168512|3407168767
3407172096|3407172351
3407175680|3407176703
3407182848|3407183103
3407185920|3407186431
3407188224|3407188479
3407203840|3407204095
3407222784|3407223039
3407223808|3407224319
3407224576|3407224831
3407234048|3407234303
3407236096|3407236351
3407236608|3407236863
3407238144|3407238399
3407238912|3407239167
3407240192|3407241215
3407241984|3407242239
3407243776|3407244031
3407247872|3407248383
3407250176|3407250431
3407258368|3407258623
3407259136|3407259391
3407260160|3407260415
3407261696|3407263743
3407266304|3407266559
3407278592|3407279103
3407279360|3407279615
3407279616|3407279871
3407281152|3407281663
3407282176|3407282431
3407294208|3407294463
3407297792|3407298047
3407298048|3407298559
3407300864|3407301119
3407303936|3407304191
3407305728|3407306751
3407307264|3407307519
3407309568|3407309823
3407310848|3407311103
3407315456|3407315711
3407318016|3407318527
3407326208|3407326463
3407328768|3407329023
3407329792|3407330047
3407330048|3407330303
3407331328|3407331583
3407332608|3407332863
3407332864|3407333119
3407334400|3407335423
3407339520|3407339775
3407340032|3407340543
3407340544|3407341567
3407345920|3407346175
3407346432|3407346687
3407351040|3407351295
3407352320|3407352575
3407354624|3407354879
3407358720|3407358975
3407362048|3407362303
3407362560|3407362815
3407364864|3407365119
3407366656|3407366911
3407367936|3407368191
3407368192|3407368703
3407369216|3407369727
3407369728|3407369983
3407370752|3407371007
3407376128|3407376383
3407376384|3407376639
3407377408|3407377663
3407378944|3407379455
3407384832|3407385087
3407386624|3407387135
3407387904|3407388159
3407388928|3407389183
3407390464|3407390719
3407395328|3407395839
3407398656|3407398911
3407399424|3407399679
3407401984|3407402495
3407403264|3407403519
3407403776|3407404031
3407410176|3407410431
3407418112|3407418367
3407418368|3407418879
3407425024|3407425279
3407425536|3407427583
3407429632|3407430143
3407436544|3407436799
3407438592|3407438847
3407438848|3407439103
3407440384|3407440639
3407446784|3407447039
3407447808|3407448063
3407448576|3407448831
3407450880|3407451135
3407452416|3407452671
3407452672|3407453183
3407455232|3407455487
3407455744|3407455999
3407457792|3407458303
3407459328|3407459583
3407459840|3407460095
3407462144|3407462399
3407464192|3407464447
3407464448|3407464703
3407464960|3407465471
3407466496|3407470591
3407471872|3407472127
3407473408|3407473663
3407473664|3407473919
3407475200|3407475455
3407481856|3407482111
3407487488|3407487743
3407491328|3407491583
3407491584|3407491839
3407492864|3407493119
3407493120|3407493631
3407494144|3407494399
3407495424|3407495679
3407496192|3407496447
3407498240|3407498495
3407499264|3407499519
3407500288|3407500543
3407503616|3407503871
3407504896|3407505407
3407508224|3407508479
3407508480|3407508735
3407511808|3407512063
3407515392|3407515647
3407515648|3407515903
3407516672|3407517183
3407518208|3407518463
3407519232|3407519743
3407522304|3407522559
3407523072|3407523327
3407523840|3407524095
3407526144|3407526399
3407530496|3407531007
3407532544|3407532799
3407533568|3407533823
3407535616|3407535871
3407536128|3407536383
3407537152|3407537407
3407538176|3407538431
3407544320|3407544575
3407546880|3407547135
3407548160|3407548415
3407548416|3407548671
3407549440|3407549695
3407549952|3407550463
3407554560|3407554815
3407555840|3407556095
3407557888|3407558143
3407560960|3407561215
3407561216|3407561471
3407565056|3407565311
3407566848|3407567103
3407570432|3407570687
3407572224|3407572479
3407574272|3407574527
3407575296|3407575551
3407575552|3407576063
3407576320|3407576575
3407595520|3407595775
3407596032|3407596287
3407603968|3407604223
3407606016|3407606271
3407608320|3407608575
3407612416|3407612671
3407612928|3407613183
3407618304|3407618559
3407618560|3407619071
3407620864|3407621119
3407621120|3407621375
3407623680|3407623935
3407624192|3407624447
3407628544|3407628799
3407628800|3407629055
3407629312|3407629567
3407631872|3407632127
3407632384|3407632639
3407638528|3407638783
3407643392|3407643647
3407644672|3407644927
3407645696|3407645951
3407646976|3407647231
3407652096|3407652351
3407653120|3407653375
3407653376|3407653631
3407655424|3407655935
3407657216|3407657471
3407657728|3407657983
3407660032|3407660287
3407667712|3407668223
3407671040|3407671295
3407675904|3407676159
3407677440|3407677951
3407678720|3407678975
3407678976|3407679231
3407682560|3407682815
3407687168|3407687423
3407689984|3407690239
3407691008|3407691263
3407691520|3407691775
3407693056|3407693311
3407694080|3407694335
3407696128|3407696383
3407698432|3407698687
3407699712|3407699967
3407700992|3407701247
3407701760|3407702015
3407704064|3407704319
3407706112|3407707135
3407721984|3407722495
3407723264|3407723519
3407723776|3407724031
3407724032|3407724287
3407727872|3407728127
3407729152|3407729407
3407730944|3407731199
3407733504|3407733759
3407734528|3407734783
3407735040|3407735295
3407735296|3407735551
3407738880|3407739135
3407740416|3407740927
3407745024|3407745535
3407747328|3407747583
3407747840|3407748095
3407748352|3407748607
3407757824|3407758079
3407761664|3407761919
3407763200|3407763455
3407769344|3407769599
3407771904|3407772159
3407772416|3407772671
3407779840|3407780095
3407780864|3407781119
3407782400|3407782655
3407785216|3407785471
3407785728|3407785983
3407788800|3407789055
3407790592|3407790847
3407796480|3407796735
3407797248|3407797503
3407797760|3407798015
3407800320|3407800831
3407801088|3407801343
3407802368|3407802879
3407803904|3407804159
3407804928|3407805439
3407817984|3407818239
3407818240|3407818495
3407819008|3407819263
3407819520|3407819775
3407820288|3407820799
3407824128|3407824383
3407824896|3407825151
3407826944|3407827199
3407828224|3407828479
3407831296|3407831551
3407833344|3407833599
3407833600|3407833855
3407834112|3407834623
3407838208|3407838463
3407847936|3407848191
3407851008|3407851263
3407851776|3407852031
3407852800|3407853055
3407854336|3407854591
3407854848|3407855103
3407858688|3407858943
3407862784|3407863039
3407863296|3407863807
3407864064|3407864319
3407865088|3407865343
3407869952|3407870463
3407871232|3407871487
3407877120|3407877375
3407884288|3407884799
3407886336|3407886591
3407887360|3407887615
3407887872|3407888127
3407889408|3407889919
3407891456|3407891711
3407892736|3407892991
3407893504|3407894015
3407896320|3407896575
3407898112|3407898367
3407898880|3407899135
3407905280|3407905535
3407906048|3407906303
3407907840|3407908095
3407910912|3407911167
3407919616|3407920127
3407921152|3407921407
3407922176|3407922431
3407923968|3407924223
3407924224|3407924735
3407926272|3407926527
3407938560|3407938815
3407939328|3407939583
3407939584|3407941631
3407942912|3407943167
3407944192|3407944447
3407945728|3407945983
3407953664|3407953919
3407953920|3407954175
3407954688|3407954943
3407954944|3407955199
3407956224|3407956479
3407957760|3407958015
3407963136|3407963391
3407968768|3407969023
3407970560|3407970815
3407971072|3407971327
3407974656|3407974911
3407977472|3407977727
3407977984|3407978495
3407982080|3407982335
3407984896|3407985151
3407988736|3407988991
3407989248|3407989759
3407989760|3407990015
3407990272|3407990783
3407992320|3407992831
3407994880|3407995391
3407995392|3407995647
3407997184|3407997439
3407999744|3407999999
3408001536|3408001791
3408004096|3408004351
3408008448|3408008703
3408009984|3408010239
3408013056|3408013311
3408015360|3408015871
3408016896|3408017151
3408017408|3408017919
3408020224|3408020479
3408020736|3408020991
3408022528|3408022783
3408026624|3408026879
3408030208|3408030463
3408032000|3408032255
3408040704|3408040959
3408041472|3408041727
3408041984|3408042495
3408044288|3408044543
3408044544|3408044799
3408050944|3408051199
3408052224|3408054271
3408055296|3408056319
3408062464|3408062719
3408064512|3408064767
3408065024|3408065279
3408065792|3408066047
3408067328|3408067583
3409379840|3409380351
3409380352|3409380607
3409381888|3409382143
3409382656|3409382911
3409384960|3409385215
3409387008|3409387263
3409403136|3409403391
3409405184|3409405439
3409407232|3409407487
3409407488|3409407743
3409409024|3409409535
3409409792|3409410047
3409412096|3409412607
3409416704|3409417215
3409428480|3409428735
3409429504|3409429759
3409435136|3409435647
3409435904|3409436159
3409436672|3409436927
3409445120|3409445375
3409445888|3409446143
3409447936|3409448191
3409451008|3409451263
3409454592|3409454847
3409455104|3409455359
3409456640|3409456895
3409457152|3409459199
3409462272|3409462783
3409465856|3409466367
3409466368|3409466879
3409469184|3409469439
3409473024|3409473279
3409475840|3409476095
3409486080|3409486335
3409488128|3409488383
3409488896|3409489407
3409489664|3409489919
3409491712|3409491967
3409492224|3409492479
3409492736|3409492991
3409494016|3409494271
3409495552|3409495807
3409496320|3409496575
3409498112|3409498623
3409498624|3409498879
3409499648|3409499903
3409500160|3409500415
3409502976|3409503231
3409503232|3409503487
3409504256|3409504511
3409506304|3409506559
3409509376|3409509631
3409509888|3409510143
3409511680|3409511935
3409511936|3409512191
3409513472|3409513983
3409517568|3409517823
3409520384|3409520639
3409522176|3409522431
3409525248|3409525503
3409526016|3409526271
3409527296|3409527551
3409528064|3409528319
3409528320|3409528831
3409529088|3409529343
3409533440|3409533695
3409536256|3409536511
3409538304|3409538559
3409541888|3409542143
3409550592|3409550847
3409561600|3409561855
3409562112|3409562367
3409563136|3409563391
3409567232|3409567487
3409567744|3409571839
3409573376|3409573887
3409574144|3409574399
3409575168|3409575423
3409575424|3409575935
3409838592|3409838847
3409871616|3409871871
3409873664|3409873919
3409879296|3409879551
3409888512|3409888767
3409896448|3409897471
3409897984|3409898239
3409901056|3409901311
3410796544|3410797567
3410798592|3410799615
3410867200|3410868223
3410898944|3410903039
3410952192|3410956287
3410960384|3410964479
3411018752|3411019263
3411025920|3411030015
3411032320|3411032575
3411051520|3411052543
3411052544|3411054591
3411054592|3411058687
3411083264|3411085311
3411087360|3411091455
3411148800|3411149311
3411152896|3411154943
3411214336|3411215359
3411228672|3411230719
3411271680|3411275775
3411410944|3411419135
3411419136|3411427327
3411427328|3411431423
3411431424|3411435519
3411435520|3411443711
3411475968|3411476479
3411550208|3411558399
3411591168|3411599359
3411607552|3411608575
3411609600|3411611647
3411642368|3411643391
3411673088|3411674111
3411675136|3411676159
3411705856|3411714047
3411714048|3411722239
3411722240|3411730431
3411746816|3411755007
3411763200|3411767295
3411769344|3411771391
3411804160|3411805183
3411845120|3411853311
3411869696|3411870719
3411870720|3411871743
3411871744|3411871999
3411872000|3411872255
3411872256|3411872767
3411872768|3411873791
3411873792|3411877887
3411877888|3411886079
3411886080|3411902463
3411902464|3411904511
3411904512|3411905535
3411905536|3411905791
3411905792|3411906047
3411906048|3411906559
3411906560|3411910655
3411910656|3411918847
3411918848|3411935231
3411935232|3411936255
3411936256|3411937279
3411937280|3411939327
3411939328|3411943423
3412000768|3412002815
3412025344|3412029439
3412029440|3412033535
3412033536|3412049919
3412058112|3412066303
3412264960|3412267007
3412267008|3412271103
3412283392|3412287487
3412336640|3412340735
3412340736|3412342783
3412344576|3412344831
3412348928|3412353023
3412353024|3412361215
3412377600|3412381695
3412598784|3412602879
3412680704|3412688895
3412688896|3412697087
3412787200|3412819967
3413024768|3413032959
3413037056|3413041151
3413043200|3413043711
3413043712|3413043967
3413308416|3413309439
3413557248|3413565439
3413569792|3413570047
3413571584|3413572607
3413579776|3413581823
3413581824|3413582847
3413594112|3413595135
3413595392|3413595647
3413602560|3413602815
3413602816|3413603327
3413603328|3413604351
3413604352|3413606399
3413606400|3413639167
3414171648|3414179839
3414188032|3414196223
3414220800|3414222847
3414231040|3414233087
3414302720|3414310911
3414433792|3414441983
3414618112|3414620159
3414646784|3414650879
3414650880|3414654975
3414663168|3414667263
3415138304|3415146495
3415236608|3415244799
3415277568|3415285759
3415474176|3415490559
3415490560|3415494655
3415494656|3415495679
3415496192|3415496703
3415563264|3415564287
3415752704|3415760895
3415769088|3415777279
3415801856|3415802879
3416047616|3416063999
3416133632|3416135679
3416287232|3416289279
3416293632|3416293887
3416309760|3416317951
3416326144|3416327167
3416372224|3416372479
3416375296|3416383487
3416694784|3416702975
3416784896|3416793087
3416930816|3416931327
3416981504|3416982527
3417038848|3417042943
3417179136|3417179391
3417179904|3417180159
3417202688|3417210879
3417276416|3417284607
3417292800|3417309183
3417309184|3417325567
3417325568|3417333759
3417352192|3417354239
3417853952|3417858047
3418071040|3418079231
3418161152|3418161663
3418162688|3418163199
3418189824|3418190847
3418210304|3418218495
3418251264|3418255359
3418290432|3418290687
3418292224|3418292735
3418296320|3418300415
3418308608|3418324991
3418329088|3418331135
3418331136|3418333183
3418357760|3418365951
3418480640|3418488831
3418519552|3418521599
3418570752|3418578943
3418583040|3418585087
3418587136|3418619903
3418619904|3418621951
3418621952|3418623999
3419073536|3419074559
3419226112|3419234303
3419242496|3419275263
3419357184|3419373567
3419373568|3419406335
3419406336|3419410431
3419410432|3419411455
3419414528|3419422719
3419529216|3419537407
3419668480|3419672575
3419688960|3419693055
3419924480|3419926527
3420372992|3420377087
3420389376|3420393471
3420393472|3420395519
3523346432|3523350527
3523350528|3523354623
3523543040|3523551231
3523557376|3523559423
3523575808|3523579903
3523579904|3523583999
3524001792|3524018175
3524018176|3524034559
3524034560|3524050943
3524050944|3524067327
3524067328|3524083711
3524083712|3524100095
3524100096|3524132863
3524149248|3524157439
3524161536|3524165631
3524165632|3524173823
3524173824|3524182015
3524182016|3524190207
3524190208|3524198399
3524198400|3524206591
3524206592|3524214783
3524214784|3524222975
3524222976|3524231167
3524231168|3524247551
3524296704|3524313087
3524591616|3524624383
3524624384|3524657151
3524657152|3524722687
3524730880|3524739071
3524853760|3524919295
3524919296|3525050367
3525050368|3525312511
3525312512|3525574655
3525574656|3525836799
3525836800|3526361087
3526395904|3526397951
3526557696|3526623231
3526623232|3526639615
3526639616|3526655999
3526656000|3526688767
3526688768|3526721535
3526721536|3526754303
3526934528|3526942719
3527933952|3527966719
3527966720|3527974911
3527974912|3527983103
3527983104|3527999487
3527999488|3528007679
3528007680|3528015871
3528015872|3528032255
3528032256|3528065023
3528065024|3528073215
3528073216|3528081407
3528081408|3528089599
3528089600|3528097791
3528097792|3528105983
3528105984|3528114175
3528114176|3528130559
3528130560|3528196095
3528196096|3528204287
3528204288|3528212479
3528212480|3528228863
3528228864|3528261631
3528261632|3528327167
3528327168|3528335359
3528335360|3528343551
3528343552|3528359935
3528359936|3528368127
3528368128|3528376319
3528376320|3528392703
3528409088|3528425471
3528450048|3528458239
3528589312|3528720383
3528949760|3528953855
3528953856|3528957951
3528957952|3528966143
3535388672|3535405055
3535822848|3535831039
3544186880|3544449023
3544449024|3544580095
3544580096|3544711167
3545235456|3545300991
3545300992|3545366527
3545366528|3545432063
3545432064|3545497599
3545497600|3545628671
3545628672|3545759743
3545759744|3545825279
3545825280|3545890815
3545890816|3546021887
3546021888|3546152959
3546152960|3546284031
3546284032|3546415103
3546415104|3546480639
3546480640|3546497023
3546497024|3546505215
3546505216|3546513407
3546513408|3546546175
3546546176|3546611711
3546611712|3546628095
3546628096|3546644479
3546644480|3546677247
3546677248|3546742783
3546742784|3546775551
3546775552|3546808319
3548905472|3549167615
3549167616|3549298687
3549298688|3549331455
3549331456|3549364223
3549364224|3549429759
3549429760|3549560831
3549560832|3549626367
3549626368|3549691903
3549691904|3549954047
3549954048|3550085119
3550085120|3550150655
3550150656|3550167039
3550167040|3550175231
3550175232|3550183423
3550183424|3550216191
3550216192|3550478335
3550478336|3550740479
3550740480|3551002623
3657433088|3657498623
3657498624|3657564159
3657564160|3657695231
3657695232|3657826303
3657826304|3657891839
3657891840|3657957375
3657957376|3658088447
3658088448|3658153983
3658153984|3658219519
3658219520|3658285055
3658285056|3658350591
3658350592|3658481663
3658481664|3658743807
3658743808|3658809343
3658809344|3658842111
3658842112|3658874879
3658874880|3659005951
3659005952|3659137023
3659137024|3659202559
3659202560|3659268095
3659268096|3659399167
3659399168|3659530239
3661103104|3661365247
3661365248|3661496319
3661496320|3661529087
3661529088|3661561855
3661561856|3661627391
3661627392|3661758463
3661758464|3661823999
3661824000|3661856767
3661856768|3661889535
3661889536|3662020607
3662020608|3662151679
3662151680|3662413823
3662413824|3662544895
3662544896|3662675967
3662675968|3662938111
3662938112|3663200255
3663200256|3663724543
3663724544|3663855615
3663855616|3663888383
3663888384|3663904767
3663904768|3663912959
3663912960|3663921151
3663921152|3663986687
3664009216|3664011263
3664011264|3664019455
3664019456|3664052223
3664248832|3664281599
3664281600|3664289791
3664289792|3664297983
3664297984|3664300031
3664300032|3664302079
3664302080|3664306175
3664306176|3664314367
3664314368|3664379903
3664379904|3664510975
3664510976|3664576511
3664576512|3664642047
3669606400|3669614591
3669618688|3669620735
3670016000|3670081535
3670081536|3670147071
3670147072|3670212607
3670212608|3670278143
3670278144|3670540287
3670540288|3670802431
3670802432|3670933503
3670933504|3671064575
3673161728|3673423871
3673423872|3673554943
3673554944|3673686015
3673751552|3673817087
3678928896|3678994431
3679584256|3679649791
3679682560|3679715327
3682598912|3683647487
3683647488|3683909631
3683909632|3683975167
3683975168|3684007935
3684007936|3684024319
3684024320|3684040703
3684040704|3684048895
3684048896|3684057087
3684057088|3684065279
3684065280|3684069375
3684069376|3684073471
3684073472|3684106239
3684106240|3684114431
3684114432|3684122623
3684122624|3684139007
3684139008|3684171775
3684171776|3684302847
3684302848|3684433919
3684433920|3684564991
3684564992|3684597759
3684597760|3684630527
3684630528|3684646911
3684646912|3684663295
3684663296|3684696063
3688366080|3688497151
3688497152|3688628223
3688628224|3688693759
3688693760|3688759295
3688759296|3688890367
3688890368|3689021439
3689021440|3689086975
3689086976|3689152511
3689152512|3689283583
3689283584|3689414655
3689414656|3689676799
3689676800|3689807871
3689807872|3689938943
3690070016|3690201087
3690201088|3690463231
3697655808|3697672191
3698327552|3698589695
3700981760|3701014527
3701080064|3701211135
3701473280|3703570431
3703570432|3703701503
3703701504|3703832575
3703832576|3704094719
3704094720|3704619007
3706126336|3706142719
3706159104|3706191871
3706208256|3706224639
3706322944|3706388479
3706847232|3706978303
3707209728|3707211775
3707240448|3707502591
3707502592|3707568127
3707764736|3707895807
3707895808|3707961343
3707961344|3707994111
3707994112|3708026879
3708026880|3708092415
3708092416|3708125183
3708125184|3708157951
3708157952|3708223487
3708223488|3708231679
3708231680|3708239871
3708239872|3708248063
3708248064|3708256255
3708256256|3708289023
3708289024|3708420095
3708420096|3708485631
3708485632|3708518399
3708518400|3708534783
3708534784|3708542975
3708542976|3708551167
3708551168|3708583935
3708583936|3708600319
3708616704|3708633087
3708633088|3708641279
3708641280|3708649471
3708649472|3708682239
3708682240|3708813311
3715760128|3715891199
3716186112|3716218879
3716218880|3716284415
3716284416|3716415487
3716538368|3716546559
3716677632|3716743167
3716743168|3716808703
3719036928|3719299071
3719299072|3719823359
3720347648|3720478719
3720478720|3720544255
3720544256|3720609791
3720609792|3720740863
3720740864|3720806399
3720806400|3720814591
3720814592|3720818687
3720818688|3720822783
3720822784|3720839167
3720839168|3720855551
3720855552|3720859647
3720863744|3720871935
3720871936|3721134079
3721134080|3721265151
3721265152|3721330687
3721330688|3721347071
3721347072|3721363455
3721363456|3721396223
3721396224|3721658367
3721658368|3721723903
3721723904|3721789439
3721789440|3721920511
3721920512|3722444799
3722444800|3722969087
3722969088|3723231231
3723231232|3723362303
3723362304|3723427839
3723427840|3723460607
3723460608|3723493375
3725590528|3725721599
3725721600|3725852671
3725852672|3725983743
3725983744|3726049279
3726049280|3726114815
3726114816|3726245887
3726245888|3726376959
3726376960|3726639103
3726639104|3728736255
3728736256|3729260543
3729260544|3729391615
3729391616|3729457151
3729457152|3729522687
3729522688|3729784831
3729784832|3729915903
3729915904|3729981439
3729981440|3730014207
3730014208|3730046975
3730046976|3730112511
3730112512|3730145279
3730145280|3730178047
3730178048|3730309119
3730309120|3730440191
3730440192|3730571263
3730571264|3730833407
3732733952|3732799487
3732832256|3732865023
3732930560|3733192703
3733192704|3733454847
3733454848|3733979135
3735027712|3735158783
3735158784|3735224319
3735224320|3735232511
3735232512|3735240703
3735240704|3735257087
3735257088|3735289855
3735552000|3735683071
3735683072|3735814143
3735814144|3735846911
3735846912|3735879679
3735879680|3735945215
3735945216|3736076287
3736076288|3736600575
3736600576|3737124863
3737124864|3737387007
3737387008|3737518079
3737518080|3737583615
3737583616|3737649151
3737649152|3737911295
3737911296|3738042367
3738042368|3738173439
3738173440|3738697727
3738697728|3738828799
3738828800|3738894335
3738894336|3738959871
3738959872|3739090943
3739090944|3739222015
3740270592|3740794879
3740794880|3740860415
3740860416|3740893183
3740893184|3740901375
3740901376|3740905471
3740905472|3740909567
3740909568|3740925951
3741319168|3741450239
3741450240|3741581311
3741581312|3741843455
3741843456|3742367743
3742629888|3742760959
3743135744|3743136767
3745513472|3747610623
3747610624|3748659199
3748659200|3748921343
3748921344|3749052415
3749183488|3749707775
3749707776|3749838847
3750756352|3751804927
3751804928|3752067071
3752198144|3752329215
3753902080|3754033151
3754295296|3754426367
3754491904|3754557439
3754557440|3754688511
3754950656|3755212799
3755212800|3755343871
3755343872|3755474943
3755737088|3755868159
3755978752|3755982847
3755982848|3755986943
3757047808|3757572095
3757572096|3757834239
3757867008|3757899775
3757965312|3758030847
3758030848|3758063615
3758091264|3758092287
3758095360|3758095871
3342594048|3342595071
1539631104|1539632127
1542071296|1542071551